image: small_house.pgm
resolution: 0.050000
origin: [-9.914323, -6.094803, 0.000000]
negate: 0
occupied_thresh: 0.65
free_thresh: 0.196

